0 0 0
0.1 0.0237699 0.499167
0.2 0.0925781 0.993347
0.3 0.201425 1.4776
0.4 0.345323 1.94709
0.5 0.519302 2.39713
0.6 0.718433 2.82321
0.7 0.937834 3.22109
0.8 1.1727 3.58678
0.9 1.41832 3.91663
1 1.6701 4.20735
1.1 1.92358 4.45604
1.2 2.17449 4.6602
1.3 2.41873 4.81779
1.4 2.65242 4.92725
1.5 2.87194 4.98747
1.6 3.07392 4.99787
1.7 3.25527 4.95832
1.8 3.41322 4.86924
1.9 3.54533 4.7315
2 3.64949 4.54649
2.1 3.72394 4.31605
2.2 3.76731 4.04248
2.3 3.77856 3.72853
2.4 3.75707 3.37732
2.5 3.70258 2.99236
2.6 3.61518 2.57751
2.7 3.49537 2.1369
2.8 3.344 1.67494
2.9 3.16224 1.19625
3 2.95164 0.7056
3.1 2.71403 0.207903
3.2 2.45156 -0.291871
3.3 2.16662 -0.788728
3.4 1.86187 -1.27771
3.5 1.54019 -1.75392
3.6 1.20462 -2.2126
3.7 0.858382 -2.64918
3.8 0.504799 -3.05929
3.9 0.147289 -3.43883
4 -0.210684 -3.78401
4.1 -0.565638 -4.09139
4.2 -0.914113 -4.35788
4.3 -1.25271 -4.58083
4.4 -1.57811 -4.75801
4.5 -1.88713 -4.88765
4.6 -2.17674 -4.96846
4.7 -2.4441 -4.99962
4.8 -2.68659 -4.98082
4.9 -2.90182 -4.91226
5 -3.08769 -4.79462
5.1 -3.24237 -4.62907
5.2 -3.36435 -4.41727
5.3 -3.45245 -4.16134
5.4 -3.50579 -3.86382
5.5 -3.52388 -3.5277
5.6 -3.50656 -3.15633
5.7 -3.45402 -2.75343
5.8 -3.3668 -2.32301
5.9 -3.24579 -1.86938
6 -3.09222 -1.39708
6.1 -2.90762 -0.910813
6.2 -2.69386 -0.415447
6.3 -2.45308 0.0840695
6.4 -2.1877 0.582746
6.5 -1.90038 1.0756
6.6 -1.59399 1.55771
6.7 -1.27162 2.02425
6.8 -0.936471 2.47057
6.9 -0.591913 2.8922
7 -0.241392 3.28493
7.1 0.111588 3.64485
7.2 0.463493 3.96834
7.3 0.810804 4.25218
7.4 1.15005 4.49354
7.5 1.47783 4.69
7.6 1.79088 4.8396
7.7 2.08605 4.94084
7.8 2.36041 4.99272
7.9 2.6112 4.99471
8 2.83592 4.94679
8.1 3.03232 4.84945
8.2 3.19843 4.70365
8.3 3.33261 4.51086
8.4 3.4335 4.27299
8.5 3.50009 3.99244
8.6 3.53172 3.67199
8.7 3.52807 3.31485
8.8 3.48918 2.92459
8.9 3.41543 2.5051
9 3.30757 2.06059
9.1 3.16666 1.59549
9.2 2.99412 1.11445
9.3 2.79167 0.622272
9.4 2.56132 0.123877
9.5 2.30539 -0.375756
9.6 2.02643 -0.871634
9.7 1.72723 -1.3588
9.8 1.41077 -1.8324
9.9 1.08022 -2.28768
10 0.738872 -2.72011
10.1 0.390148 -3.12535
10.2 0.0375279 -3.49937
10.3 -0.315465 -3.83843
10.4 -0.665305 -4.13913
10.5 -1.0085 -4.39848
10.6 -1.34161 -4.61388
10.7 -1.66131 -4.78318
10.8 -1.96442 -4.90468
10.9 -2.2479 -4.97718
11 -2.50891 -4.99995
11.1 -2.74486 -4.97276
11.2 -2.95338 -4.89589
11.3 -3.13239 -4.7701
11.4 -3.2801 -4.59664
11.5 -3.39504 -4.37726
11.6 -3.47606 -4.11414
11.7 -3.52234 -3.80992
11.8 -3.53343 -3.46763
11.9 -3.50921 -3.09069
12 -3.44993 -2.68286
12.1 -3.35618 -2.24824
12.2 -3.2289 -1.79115
12.3 -3.06935 -1.31616
12.4 -2.87913 -0.828021
12.5 -2.66015 -0.331609
12.6 -2.41459 0.168115
12.7 -2.1449 0.66616
12.8 -1.85378 1.15755
12.9 -1.54414 1.63737
13 -1.21907 2.10084
13.1 -0.881817 2.54331
13.2 -0.535755 2.96037
13.3 -0.184339 3.34785
13.4 0.168918 3.70188
13.5 0.520488 4.01892
13.6 0.866857 4.29581
13.7 1.20457 4.52977
13.8 1.53024 4.71848
13.9 1.84062 4.86004
14 2.13261 4.95304
14.1 2.4033 4.99655
14.2 2.64997 4.99013
14.3 2.87016 4.93386
14.4 3.06168 4.82829
14.5 3.2226 4.67448
14.6 3.35133 4.47396
14.7 3.44657 4.22873
14.8 3.50737 3.94126
14.9 3.53313 3.61441
15 3.52358 3.25144
15.1 3.47883 2.85598
15.2 3.39933 2.43199
15.3 3.28585 1.9837
15.4 3.13955 1.51559
15.5 2.96187 1.03234
15.6 2.7546 0.538768
15.7 2.51981 0.0398159
15.8 2.25984 -0.459534
15.9 1.97729 -0.954293
16 1.67499 -1.43952
16.1 1.35595 -1.91036
16.2 1.02336 -2.36211
16.3 0.680547 -2.79026
16.4 0.330933 -3.19053
16.5 -0.0219874 -3.55893
16.6 -0.374688 -3.89176
16.7 -0.723645 -4.18571
16.8 -1.06537 -4.43784
16.9 -1.39645 -4.64562
17 -1.71358 -4.80699
17.1 -2.01359 -4.92033
17.2 -2.29348 -4.9845
17.3 -2.55045 -4.99887
17.4 -2.78194 -4.9633
17.5 -2.98563 -4.87813
17.6 -3.15949 -4.74422
17.7 -3.30179 -4.56291
17.8 -3.41109 -4.33601
17.9 -3.48631 -4.06579
18 -3.52669 -3.75494
18.1 -3.53184 -3.40657
18.2 -3.5017 -3.02416
18.3 -3.43657 -2.61154
18.4 -3.33711 -2.17283
18.5 -3.2043 -1.7124
18.6 -3.03947 -1.23487
18.7 -2.84428 -0.744995
18.8 -2.62067 -0.247678
18.9 -2.37087 0.252113
19 -2.09738 0.749386
19.1 -1.80294 1.23917
19.2 -1.49048 1.71657
19.3 -1.16313 2.17683
19.4 -0.824156 2.61533
19.5 -0.476949 3.0277
19.6 -0.124977 3.40982
19.7 0.228244 3.75787
19.8 0.579184 4.06837
19.9 0.924338 4.33822
20 1.26026 4.56473
